1700663167260 0.7259239277043431 0
1700663168940 0.8775289991907202 1
1700663170619 0.9266253034799029 2
1700663172279 0.9304019422713785 3
1700663173996 0.9155651470191529 4
1700663178310 0.904504990558403 0
1700663179970 0.9382249797680065 1
1700663181616 0.9401132991637443 2
1700663183336 0.946857297005665 3
1700663185094 0.9500944159697869 4
1700663189438 0.9560291340706771 0
1700663191111 0.9592662530347991 1
1700663192734 0.9673590504451038 2
1700663194434 0.9652009711356893 3
1700663196114 0.9681683301861344 4
1700663200448 0.967089290531427 0
1700663202061 0.9711356892365794 1
1700663203675 0.974912328028055 2
1700663205305 0.9727542487186404 3
1700663206933 0.9366064202859455 4
1700663211301 0.9560409924487594 0
1700663212956 0.941747572815534 1
1700663214629 0.9484897518878102 2
1700663216328 0.9492988133764833 3
1700663218021 0.959546925566343 4
