1700663167259 1.2205518222060696 0
1700663168939 0.5445673893173707 1
1700663170618 0.32426134312268473 2
1700663172278 0.2840840586999046 3
1700663173994 0.36661953684584847 4
1700663178309 0.38813610898395035 0
1700663179969 0.25632850691708253 1
1700663181615 0.2336653862469669 2
1700663183335 0.2054967201346981 3
1700663185093 0.20800368764020247 4
1700663189437 0.1693060777053751 0
1700663191110 0.14284819140950025 1
1700663192733 0.1224684097426783 2
1700663194433 0.12441075969575743 3
1700663196113 0.11082241454027224 4
1700663200447 0.12727085732481572 0
1700663202060 0.1169037555609348 1
1700663203674 0.08989273103311304 2
1700663205304 0.10325720534330748 3
1700663206932 0.2664352834931222 4
1700663211300 0.16606736403954184 0
1700663212955 0.2212023417352988 1
1700663214628 0.19734794583878126 2
1700663216327 0.1938814646724997 3
1700663218020 0.14601786503295316 4
