1700662890751 0.8179120582681414 0
1700662892518 0.9538710547612624 1
1700662894270 0.9684380900998112 2
1700662896025 0.9754518478554087 3
1700662897793 0.9835446452657135 4
1700662902181 0.9794982465605611 0
1700662903932 0.9797680064742379 1
1700662905677 0.984353925006744 2
1700662907415 0.9897491232802805 3
1700662909164 0.9848934448340977 4
1700662913416 0.9735635284596709 0
1700662915165 0.987591043970866 1
1700662916907 0.9867817642298354 2
1700662918651 0.9824656056110062 3
1700662920406 0.9851632047477745 4
1700662924653 0.9819260857836526 0
1700662926309 0.9857027245751281 1
1700662927960 0.9857027245751281 2
1700662929603 0.9886700836255733 3
1700662931279 0.984353925006744 4
1700662935674 0.982470334412082 0
1700662937407 0.9862459546925566 1
1700662939127 0.9897518878101402 2
1700662940860 0.9846278317152104 3
1700662942590 0.9838187702265372 4
