1700662890750 0.9634501373331095 0
1700662892517 0.22664538550126398 1
1700662894269 0.13023304844933464 2
1700662896024 0.10615311284421076 3
1700662897792 0.06849132787741335 4
1700662902180 0.0948509272822211 0
1700662903932 0.07729143746486254 1
1700662905676 0.07312996313778748 2
1700662907415 0.042136846035959775 3
1700662909163 0.07346777645630184 4
1700662913415 0.10745032069048491 0
1700662915162 0.058514112417971526 1
1700662916906 0.05119216424244424 2
1700662918650 0.06744351744820395 3
1700662920405 0.04885042276522466 4
1700662924653 0.07096156933152213 0
1700662926308 0.057551671463819544 1
1700662927960 0.0630849134257256 2
1700662929602 0.045858410391795994 3
1700662931278 0.05798426344749871 4
1700662935673 0.06927480859730135 0
1700662937406 0.05409994016999604 1
1700662939126 0.038440958679059584 2
1700662940859 0.058752114786204464 3
1700662942589 0.05657612805351101 4
