1700611049198 0.7791768623965567 0
1700611050760 0.2021313503159788 1
1700611052318 0.13075281746669448 2
1700611053871 0.08431759767699987 3
1700611055444 0.06874206028316684 4
1700611059659 0.1020871410587931 0
1700611061283 0.07046614055208669 1
1700611062890 0.06847090020791852 2
1700611064641 0.06670358295227273 3
1700611066406 0.04370398638099592 4
1700611070862 0.06275469170289179 0
1700611072520 0.04594534702482633 1
1700611074152 0.04937766775928422 2
1700611075736 0.05078130347879026 3
1700611077346 0.04704739364839544 4
1700611081485 0.0744164684829543 0
1700611083053 0.05994389873652334 1
1700611084630 0.06469728457159363 2
1700611086192 0.05667314617513229 3
1700611087724 0.048144580109912 4
1700611091850 0.10096821570889382 0
1700611093431 0.04890159804349894 1
1700611094961 0.04469145533773277 2
1700611096504 0.05004104227329412 3
1700611098028 0.052682787940660815 4
