1700611049199 0.8332883733477205 0
1700611050760 0.9484758564877259 1
1700611052318 0.9654707310493661 2
1700611053872 0.9797680064742379 3
1700611055445 0.9800377663879147 4
1700611059660 0.9743728082007014 0
1700611061284 0.9821958456973294 1
1700611062891 0.9794982465605611 2
1700611064641 0.9830051254383598 3
1700611066407 0.9886700836255733 4
1700611070862 0.9848934448340977 0
1700611072521 0.9894793633666037 1
1700611074153 0.9881305637982196 2
1700611075737 0.9867817642298354 3
1700611077347 0.9870515241435123 4
1700611081486 0.9797680064742379 0
1700611083054 0.9848934448340977 1
1700611084631 0.9819260857836526 2
1700611086193 0.9881305637982196 3
1700611087725 0.9862422444024818 4
1700611091851 0.9743797195253506 0
1700611093431 0.9881337648327939 1
1700611094961 0.9870550161812298 2
1700611096504 0.9881337648327939 3
1700611098028 0.9878640776699029 4
