1700600629248 0.8320894153981373 0
1700600631071 0.6148879172216202 1
1700600632812 0.7353969349943358 2
1700600634504 0.763665563715943 3
1700600636238 0.7457129769669525 4
1700600640821 0.7875781696418236 0
1700600642584 0.7996225543320179 1
1700600644348 0.7672846903061045 2
1700600646065 0.7811465879966473 3
1700600647756 0.8101960872781688 4
1700600652429 0.8454888888217252 0
1700600654062 0.9697992154236498 1
1700600655784 0.9158410522444494 2
1700600657420 0.848528999963711 3
1700600659239 0.8038049676808817 4
1700600663891 0.8263451680541039 0
1700600665624 0.7572544691120756 1
1700600667400 0.8193512099056408 2
1700600669118 0.942877261803068 3
1700600670848 0.8971907190721611 4
1700600675705 0.9066652637617342 0
1700600677366 0.8571483844826961 1
1700600679040 0.8451264241132243 2
1700600680718 0.8446496612039106 3
1700600682456 0.8791189679297907 4
