1700600629248 0.8057728621526841 0
1700600631072 0.8502832479093607 1
1700600632813 0.8219584569732937 2
1700600634505 0.8241165362827084 3
1700600636239 0.827893175074184 4
1700600640822 0.8162934987860804 0
1700600642584 0.815214459131373 1
1700600644348 0.8065821418937146 2
1700600646066 0.815214459131373 3
1700600647757 0.7968707850013488 4
1700600652430 0.794982465605611 0
1700600654062 0.7553277582951173 1
1700600655785 0.7698947936336661 2
1700600657420 0.779336390612355 3
1700600659240 0.7939034259509037 4
1700600663892 0.7836525492311842 0
1700600665625 0.8133261397356353 1
1700600667401 0.7771783113029404 2
1700600669119 0.7696250337199892 3
1700600670849 0.7855408686269221 4
1700600675706 0.7713052858683926 0
1700600677367 0.7812837108953614 1
1700600679040 0.7796655879180151 2
1700600680718 0.7742718446601942 3
1700600682457 0.7721143473570659 4
