1700610889877 1.4378584821162552 0
1700610891550 0.39831982353894874 1
1700610893178 0.2569294921363351 2
1700610894749 0.17294347748674196 3
1700610896378 0.13650484651664335 4
1700610900584 0.11402484948008225 0
1700610902186 0.08934985355730972 1
1700610903755 0.0698200586284029 2
1700610905310 0.05657570471521467 3
1700610906899 0.04365512501480508 4
1700610911146 0.06462570964980967 0
1700610912759 0.04825918389191241 1
1700610914333 0.041974399347211526 2
1700610915924 0.04173476478498397 3
1700610917561 0.03930408345306581 4
1700610922587 0.03288796857091727 0
1700610924115 0.032120474305100226 1
1700610925644 0.02776149463571873 2
1700610927314 0.029306938910880927 3
1700610928920 0.029987443557635336 4
1700610933158 0.02576287311716567 0
1700610934751 0.018399177691176664 1
1700610936307 0.016665751541009303 2
1700610937823 0.017920864599577254 3
1700610939386 0.016473449831366827 4
