1700610889878 0.6978688966819531 0
1700610891551 0.9082816293498787 1
1700610893179 0.9309414620987321 2
1700610894750 0.9538710547612624 3
1700610896379 0.9654707310493661 4
1700610900585 0.9743728082007014 0
1700610902186 0.9746425681143782 1
1700610903755 0.9811168060426221 2
1700610905311 0.9859724844888049 3
1700610906900 0.987591043970866 4
1700610911147 0.9819260857836526 0
1700610912760 0.9859724844888049 1
1700610914334 0.9892096034529269 2
1700610915925 0.9867817642298354 3
1700610917562 0.9908281629349879 4
1700610922588 0.9897491232802805 0
1700610924116 0.9932560021580793 1
1700610925645 0.9919072025896952 2
1700610927315 0.9910979228486647 3
1700610928921 0.9913676827623416 4
1700610933159 0.9921790722761596 0
1700610934752 0.9954153182308522 1
1700610936308 0.9946062567421791 2
1700610937824 0.9954153182308522 3
1700610939386 0.9959546925566343 4
