1700665912269 0.5851092527650391 0
1700665913979 0.8670083625573239 1
1700665915600 0.904504990558403 2
1700665917249 0.9260857836525492 3
1700665918931 0.9325600215807931 4
1700665923924 0.9490153763150796 0
1700665925496 0.9611545724305368 1
1700665927124 0.9662800107903965 2
1700665928664 0.9668195306177502 3
1700665930213 0.97194496897761 4
1700665934562 0.9657404909630429 0
1700665936122 0.9762611275964391 1
1700665937703 0.9794982465605611 2
1700665939534 0.9830051254383598 3
1700665941088 0.9838144051793903 4
1700665945401 0.9830051254383598 0
1700665946929 0.9821958456973294 1
1700665948423 0.9848934448340977 2
1700665949928 0.9881305637982196 3
1700665951581 0.9857027245751281 4
1700665955782 0.9859762675296656 0
1700665957410 0.9865156418554477 1
1700665959032 0.9892125134843581 2
1700665960607 0.9889428263214671 3
1700665962252 0.9905609492988133 4
