1700665912268 1.9980815484605987 0
1700665913978 0.6744251371971492 1
1700665915599 0.41918714466536866 2
1700665917248 0.32617292517860386 3
1700665918930 0.2645996902137995 4
1700665923923 0.21100911832061306 0
1700665925495 0.1641584909280184 1
1700665927123 0.14074980490038108 2
1700665928663 0.12358874189346258 3
1700665930211 0.10407558008064997 4
1700665934561 0.11867355358594193 0
1700665936121 0.08917335236589585 1
1700665937702 0.08419196198068174 2
1700665939533 0.06646139677894976 3
1700665941087 0.059066213936352266 4
1700665945400 0.06483823085276025 0
1700665946928 0.06296616266802724 1
1700665948422 0.055698789029928114 2
1700665949927 0.04441322926191035 3
1700665951580 0.05349247097057804 4
1700665955781 0.054623523813367277 0
1700665957409 0.045454450126271695 1
1700665959031 0.037497173326395065 2
1700665960606 0.032792919238122054 3
1700665962251 0.041709722037796444 4
