1700663002024 1.1081820714833408 0
1700663003644 0.3860028164686057 1
1700663005226 0.2264618146361719 2
1700663006811 0.14378963893375776 3
1700663008376 0.12208597184608466 4
1700663012546 0.10138550868402396 0
1700663014173 0.09287612691345014 1
1700663015850 0.07516430962052004 2
1700663017464 0.04986213216586199 3
1700663019090 0.048979913294997776 4
1700663023263 0.08323896488833145 0
1700663024842 0.043635225353023874 1
1700663026426 0.03878989417190214 2
1700663027977 0.038521212172907264 3
1700663029553 0.02427269633435885 4
1700663033722 0.03449430371231223 0
1700663035245 0.03081258548501927 1
1700663036804 0.02541101202900634 2
1700663038364 0.024436611029849356 3
1700663039881 0.026576767112319117 4
1700663044219 0.03240696535945533 0
1700663045792 0.03292390711732 1
1700663047369 0.02238395220699423 2
1700663048932 0.02669633546360399 3
1700663050509 0.018693841120442936 4
