1700663002025 0.7785271108713245 0
1700663003645 0.912328028055031 1
1700663005227 0.9473968168330186 2
1700663006811 0.9635824116536282 3
1700663008377 0.9684380900998112 4
1700663012547 0.974912328028055 0
1700663014173 0.9762611275964391 1
1700663015851 0.9821958456973294 2
1700663017465 0.987591043970866 3
1700663019091 0.987591043970866 4
1700663023264 0.9800377663879147 0
1700663024843 0.9900188831939574 1
1700663026426 0.98893984353925 2
1700663027978 0.9884003237118965 3
1700663029553 0.9927164823307256 4
1700663033723 0.9916374426760184 0
1700663035246 0.9929862422444025 1
1700663036805 0.993795521985433 2
1700663038365 0.9935257620717561 3
1700663039882 0.9932560021580793 4
1700663044220 0.9902912621359223 0
1700663045793 0.9921790722761596 1
1700663047370 0.9929881337648327 2
1700663048933 0.9927184466019418 3
1700663050510 0.9951456310679612 4
