1700600744752 1.4883490225364422 0
1700600746728 1.0882047389088005 1
1700600748461 1.1145044061644325 2
1700600750116 1.1305950936572304 3
1700600751814 1.1207832776266953 4
1700600756232 1.1271431255957176 0
1700600757940 1.1494366978776867 1
1700600759646 1.1408300964996732 2
1700600761317 1.2014017179608345 3
1700600763040 1.1572016713948086 4
1700600767532 1.1768072630310882 0
1700600769247 1.0959679397015736 1
1700600770956 1.0932134916556293 2
1700600772635 1.092528720868045 3
1700600774349 1.0696865291944866 4
1700600778857 1.063285220799775 0
1700600780588 1.030798635606108 1
1700600782256 1.0680335162785546 2
1700600784056 1.0522119533912888 3
1700600785820 0.9969280053829325 4
1700600790442 0.9718858581678621 0
1700600792176 1.0569045800587227 1
1700600793907 1.0582098390521675 2
1700600795733 1.0791727689833477 3
1700600797498 1.0907701646973347 4
