1700600744753 0.6903156190990019 0
1700600746729 0.7431885621796601 1
1700600748462 0.7431885621796601 2
1700600750117 0.7399514432155382 3
1700600751814 0.740221203129215 4
1700600756232 0.7359050445103857 0
1700600757940 0.7321284057189101 1
1700600759647 0.7407607229565687 2
1700600761318 0.7321284057189101 3
1700600763040 0.7345562449420017 4
1700600767532 0.7264634475316968 0
1700600769247 0.7461559212301052 1
1700600770957 0.7369840841650931 2
1700600772636 0.7585648772592393 3
1700600774350 0.751011599676288 4
1700600778858 0.7502023199352577 0
1700600780589 0.7547882384677637 1
1700600782256 0.7547882384677637 2
1700600784056 0.7483140005395198 3
1700600785824 0.7650391151874831 4
1700600790443 0.7702265372168284 0
1700600792176 0.7597087378640777 1
1700600793907 0.7524271844660194 2
1700600795734 0.750269687162891 3
1700600797499 0.7411003236245954 4
