1700600516131 0.8146749393040195 0
1700600517807 0.9155651470191529 1
1700600519445 0.9309414620987321 2
1700600521152 0.9425411383868357 3
1700600522901 0.9476665767466954 4
1700600527367 0.9376854599406528 0
1700600529055 0.9449689776099272 1
1700600530848 0.9482060965740491 2
1700600532574 0.9587267332074454 3
1700600534274 0.9476665767466954 4
1700600538950 0.9509036957108173 0
1700600540709 0.9498246560561101 1
1700600542451 0.956298893984354 2
1700600544116 0.9630428918262746 3
1700600545875 0.9525222551928784 4
1700600550342 0.9260857836525492 0
1700600552041 0.9449689776099272 1
1700600553773 0.9541408146749393 2
1700600555590 0.953061775020232 3
1700600557251 0.9436201780415431 4
1700600561903 0.9430960086299892 0
1700600563564 0.9393203883495146 1
1700600565346 0.9393203883495146 2
1700600567107 0.9412081984897519 3
1700600568813 0.942017259978425 4
