1700600516130 0.8601077382677588 0
1700600517806 0.352352448996028 1
1700600519444 0.27587276732484844 2
1700600521151 0.22872912978496532 3
1700600522900 0.2047874698543857 4
1700600527366 0.2337155056442937 0
1700600529055 0.2103103114420484 1
1700600530844 0.21030445374419976 2
1700600532574 0.1766666426917474 3
1700600534273 0.19321526931839642 4
1700600538950 0.21119652948631296 0
1700600540708 0.19540412386815095 1
1700600542450 0.17021336822353048 2
1700600544115 0.1520359559257611 3
1700600545874 0.17551860128176108 4
1700600550342 0.28905319425694903 0
1700600552040 0.19700525198452945 1
1700600553772 0.16083446455766157 2
1700600555590 0.17681528989161396 3
1700600557250 0.21083117369562387 4
1700600561902 0.21525314768198237 0
1700600563563 0.2067356844721683 1
1700600565345 0.22864961050900406 2
1700600567106 0.22293009864294838 3
1700600568812 0.21342463911800036 4
