1700611102283 0.8092797410304828 0
1700611103860 0.9290531427029943 1
1700611105408 0.9598057728621527 2
1700611106962 0.9714054491502563 3
1700611108545 0.9746425681143782 4
1700611112865 0.9786889668195307 0
1700611114467 0.9813865659562989 1
1700611116131 0.9927164823307256 2
1700611117741 0.9886700836255733 3
1700611119352 0.9878608038845428 4
1700611123779 0.9846236849204208 0
1700611125398 0.9894793633666037 1
1700611127176 0.98893984353925 2
1700611128764 0.9900188831939574 3
1700611130324 0.9897491232802805 4
1700611134525 0.98893984353925 0
1700611136100 0.9884003237118965 1
1700611137674 0.9900188831939574 2
1700611139250 0.9948745616401403 3
1700611140841 0.9924467224170488 4
1700611144946 0.9889428263214671 0
1700611146491 0.9905609492988133 1
1700611148071 0.9951456310679612 2
1700611149605 0.994066882416397 3
1700611151183 0.9951456310679612 4
