1700611102281 0.9436889185152691 0
1700611103859 0.29221507264622326 1
1700611105407 0.16453723535583964 2
1700611106961 0.11992565791347418 3
1700611108545 0.09439646307748326 4
1700611112864 0.09474433776681665 0
1700611114466 0.0727667953449719 1
1700611116130 0.03272899357674258 2
1700611117740 0.041772362047501295 3
1700611119351 0.04008776567181861 4
1700611123778 0.06605645774458214 0
1700611125397 0.040976666194057605 1
1700611127175 0.038872443201775055 2
1700611128763 0.03680253218245243 3
1700611130323 0.048338536904715325 4
1700611134524 0.03594612973894731 0
1700611136099 0.04972682531836748 1
1700611137673 0.036518719262074166 2
1700611139250 0.021924252221400944 3
1700611140840 0.025859385661596176 4
1700611144945 0.04367138311750625 0
1700611146491 0.04043585717164237 1
1700611148070 0.021855336461158004 2
1700611149604 0.020915505990129094 3
1700611151182 0.02056789374257968 4
