1700657868405 0.07375869870255072 0
1700657870418 0.034775448294444566 1
1700657872531 0.03374210889671451 2
1700657874620 0.04001679150973654 3
1700657876687 0.03918557475589222 4
1700657878707 0.034887956358796 5
1700657880790 0.018361712459532224 6
1700657882880 0.013668126719740275 7
1700657884917 0.01703177451594997 8
1700657886944 0.04407626563870754 9
1700657889113 0.05141187498520594 10
1700657891189 0.04542996726652475 11
1700657893273 0.026992274383185244 12
1700657895367 0.03425270363309332 13
1700657897457 0.025101724229013623 14
1700657899525 0.015836513252390827 15
1700657901598 0.019925253000602005 16
1700657903678 0.030937224590259674 17
1700657905873 0.02403595578092594 18
1700657908013 0.03696168246470562 19
1700657910097 0.02599576986019226 20
1700657912146 0.027434554165764083 21
1700657914219 0.028268399745807197 22
1700657916298 0.01931317209488731 23
1700657918332 0.015470007682951464 24
1700657920393 0.015666772048093292 25
1700657922455 0.019840542531735107 26
1700657924589 0.02517947325788948 27
1700657926710 0.01741138775095523 28
1700657928765 0.01774764214993362 29
1700657931396 0.01774764214993362 0
