1700657868408 0.9832414085702164 0
1700657870422 0.9908782350445482 1
1700657872535 0.9927874416631312 2
1700657874624 0.9915146372507425 3
1700657876691 0.989817564700891 4
1700657878711 0.9932117098005939 5
1700657880794 0.9968179889690284 6
1700657882884 0.9953330504879083 7
1700657884920 0.9955451845566398 8
1700657886948 0.9906661009758168 9
1700657889117 0.986423419601188 10
1700657891192 0.9902418328383539 11
1700657893277 0.9938481120067882 12
1700657895371 0.9923631735256683 13
1700657897461 0.9959694526941026 14
1700657899529 0.9963937208315655 15
1700657901602 0.9953330504879083 16
1700657903682 0.9936359779380568 17
1700657905877 0.9940602460755197 18
1700657908017 0.991726771319474 19
1700657910101 0.9942723801442511 20
1700657912150 0.9940602460755197 21
1700657914222 0.9944845142129826 22
1700657916302 0.9949087823504454 23
1700657918336 0.9972422571064913 24
1700657920397 0.9968179889690284 25
1700657922459 0.9942723801442511 26
1700657924593 0.9936359779380568 27
1700657926713 0.9951209164191769 28
1700657928769 0.9955451845566398 29
