1700665159429 0.7998381440517939 0
1700665161007 0.9333693013218236 1
1700665162972 0.9573779336390612 2
1700665164973 0.9735635284596709 3
1700665167112 0.9741030482870245 4
1700665172384 0.9786889668195307 0
1700665174745 0.9821958456973294 1
1700665177021 0.9867817642298354 2
1700665178746 0.9873212840571891 3
1700665180592 0.9916374426760184 4
1700665185286 0.9840841650930672 0
1700665186961 0.9908281629349879 1
1700665188647 0.9913676827623416 2
1700665190404 0.9916374426760184 3
1700665192113 0.9916374426760184 4
1700665196681 0.9902886431076342 0
1700665198347 0.9927164823307256 1
1700665199983 0.990558403021311 2
1700665201790 0.9919072025896952 3
1700665203418 0.9948745616401403 4
1700665207916 0.9908306364617044 0
1700665209594 0.9943365695792881 1
1700665211292 0.9932578209277239 2
1700665213070 0.9929881337648327 3
1700665214966 0.9954153182308522 4
