1700665159428 0.9729192368686199 0
1700665161006 0.2838657154412619 1
1700665162971 0.17737385852198148 2
1700665164972 0.10745789295720772 3
1700665167111 0.09135074018308058 4
1700665172383 0.08270122587845403 0
1700665174744 0.06419554048073317 1
1700665177020 0.05475123041682748 2
1700665178745 0.0424339050499337 3
1700665180591 0.03203344163996697 4
1700665185285 0.06987341425927548 0
1700665186961 0.037097091171870426 1
1700665188647 0.026345345262409958 2
1700665190404 0.027154146914936377 3
1700665192112 0.027162124320025686 4
1700665196680 0.041179933364438856 0
1700665198347 0.025838728170693402 1
1700665199982 0.035223868948503816 2
1700665201789 0.03497124461964945 3
1700665203417 0.01566204488636717 4
1700665207915 0.032761777626703785 0
1700665209593 0.019849666388773616 1
1700665211291 0.021371101036744097 2
1700665213069 0.02435282219084911 3
1700665214965 0.017173847305394733 4
