1700610777683 1.2090825166167884 0
1700610779604 0.6371933157587873 1
1700610781539 0.42918111872056436 2
1700610783285 0.45040464821946 3
1700610785056 0.37251033544026574 4
1700610789411 0.34233647173848647 0
1700610791121 0.29506576745289154 1
1700610792928 0.3110641111651885 2
1700610794784 0.2475689333333666 3
1700610796712 0.25821406335634145 4
1700610801113 0.6206935641259469 0
1700610802804 0.5731737311801006 1
1700610804489 0.7185946092780294 2
1700610806204 0.6970322215608482 3
1700610807913 0.5527764701380812 4
1700610812453 0.5505544775133503 0
1700610814211 0.6412598244075117 1
1700610815979 0.5752772340743706 2
1700610817761 0.44392395970122567 3
1700610819512 0.41061790114075974 4
1700610824121 0.32024666130671214 0
1700610826061 0.2979813028801361 1
1700610827883 0.3188700946047902 2
1700610829604 0.354905704935563 3
1700610831393 0.3271794318189395 4
