1700610777684 0.7156730509846236 0
1700610779605 0.8314000539519827 1
1700610781540 0.8867008362557324 2
1700610783286 0.8937145940113299 3
1700610785057 0.9047747504720799 4
1700610789412 0.9147558672781225 0
1700610791122 0.918532506069598 1
1700610792929 0.9209603452926896 2
1700610794785 0.9349878608038845 3
1700610796713 0.9349878608038845 4
1700610801114 0.8537901267871594 0
1700610802805 0.8505530078230374 1
1700610804490 0.8227677367143242 2
1700610806205 0.8214189371459402 3
1700610807914 0.8532506069598058 4
1700610812454 0.859185325060696 0
1700610814212 0.8335581332613974 1
1700610815979 0.852980847046129 2
1700610817762 0.8893984353925006 3
1700610819513 0.8964121931480982 4
1700610824122 0.9153182308522114 0
1700610826062 0.9199029126213593 1
1700610827884 0.9169363538295577 2
1700610829605 0.9083063646170443 3
1700610831394 0.9134304207119741 4
