1700600457642 0.6957108173725385 0
1700600459411 0.7707040733746965 1
1700600461100 0.7618019962233612 2
1700600462838 0.755867278122471 3
1700600464678 0.755867278122471 4
1700600469338 0.7410304828702455 0
1700600471176 0.7391421634745077 1
1700600472945 0.7232263285675748 2
1700600474630 0.7377933639061236 3
1700600476298 0.7450768815753979 4
1700600481110 0.6717021850553008 0
1700600482822 0.6687348260048557 1
1700600484514 0.6973293768545994 2
1700600486257 0.7140544915025627 3
1700600488004 0.7345562449420017 4
1700600492677 0.7410304828702455 0
1700600494424 0.7537091988130564 1
1700600496217 0.7528999190720259 2
1700600497968 0.7512813595899649 3
1700600499707 0.7413002427839223 4
1700600504535 0.7233009708737864 0
1700600506332 0.7311218985976268 1
1700600508058 0.7367853290183387 2
1700600509759 0.732200647249191 3
1700600511520 0.7265372168284789 4
