1700600457642 1.8952633517569508 0
1700600459410 1.0150760052532986 1
1700600461100 1.044614188886922 2
1700600462837 1.0728936734898338 3
1700600464676 1.0659194583522862 4
1700600469337 1.1168377288970455 0
1700600471175 1.1985526665531356 1
1700600472945 1.2628421177124154 2
1700600474629 1.2066501784941246 3
1700600476297 1.1853441038522228 4
1700600481109 1.702273991858137 0
1700600482821 1.8347355371405338 1
1700600484513 1.5233829113943824 2
1700600486256 1.398095844120815 3
1700600488003 1.2536784549211633 4
1700600492676 1.1703039130260204 0
1700600494423 1.1065671402832558 1
1700600496216 1.0942525455150112 2
1700600497968 1.1358496734294399 3
1700600499707 1.189982418613187 4
1700600504534 1.2626828081135093 0
1700600506331 1.2051887275843784 1
1700600508057 1.1583646412553459 2
1700600509758 1.1833391704692924 3
1700600511519 1.2566398978233337 4
