1700662946863 0.8114378203398975 0
1700662948534 0.9169139465875371 1
1700662950294 0.9492851362287564 2
1700662952071 0.9614243323442137 3
1700662953704 0.974912328028055 4
1700662958085 0.9759913676827623 0
1700662959731 0.9722147288912868 1
1700662961486 0.9835446452657135 2
1700662963192 0.9881305637982196 3
1700662964825 0.9908281629349879 4
1700662969066 0.9794982465605611 0
1700662970708 0.9832748853520367 1
1700662972361 0.982735365524683 2
1700662973994 0.9902886431076342 3
1700662975677 0.9819260857836526 4
1700662979979 0.9668195306177502 0
1700662981623 0.9697868896681953 1
1700662983228 0.9792284866468842 2
1700662984854 0.9794982465605611 3
1700662986491 0.9892096034529269 4
1700662990813 0.9838187702265372 0
1700662992472 0.9835490830636462 1
1700662994131 0.9781553398058253 2
1700662995799 0.9695253505933118 3
1700662997457 0.9714131607335491 4
