1700662946862 0.9601009673085706 0
1700662948533 0.3655469794757664 1
1700662950293 0.205582685415344 2
1700662952070 0.16280539734449623 3
1700662953703 0.10548397854917907 4
1700662958084 0.09987966021410478 0
1700662959730 0.11792566028126547 1
1700662961485 0.07684280859519213 2
1700662963191 0.04912471021264631 3
1700662964825 0.0372712825525829 4
1700662969065 0.08911296267765935 0
1700662970707 0.07014377989328531 1
1700662972360 0.06965319256213943 2
1700662973994 0.049559269869671976 3
1700662975676 0.06914232805188633 4
1700662979979 0.14188811023255954 0
1700662981622 0.11683871367031001 1
1700662983227 0.08704706703529469 2
1700662984853 0.08509021632399426 3
1700662986490 0.03988799462165154 4
1700662990812 0.06509779149903273 0
1700662992471 0.055493452920927666 1
1700662994130 0.0890159742035582 2
1700662995798 0.10764696392038002 3
1700662997456 0.13307421615523896 4
