1700662664026 1.0220405551893958 0
1700662665643 0.41112293270898276 1
1700662667242 0.2751914621009652 2
1700662668806 0.20743324734061827 3
1700662670366 0.17711742120345347 4
1700662675156 0.14799502038734097 0
1700662676758 0.12590920330217942 1
1700662678315 0.11786545827635564 2
1700662679864 0.0893095970497033 3
1700662681436 0.10595436863488807 4
1700662685696 0.12869297999663856 0
1700662687251 0.07726441604759672 1
1700662688798 0.07145891109369053 2
1700662690361 0.055225620279088616 3
1700662691924 0.05739925265139579 4
1700662696216 0.06767153144404613 0
1700662697745 0.05075593820496077 1
1700662699268 0.059379536352433454 2
1700662700814 0.05041996381548635 3
1700662702521 0.04307558690649377 4
1700662707016 0.060085235101347466 0
1700662708556 0.05648656075936742 1
1700662710155 0.05222756421627027 2
1700662711741 0.03782294688677086 3
1700662713393 0.039248598046030786 4
