1700662664027 0.7728621526841112 0
1700662665644 0.9001888319395738 1
1700662667243 0.929592662530348 2
1700662668807 0.9460480172646345 3
1700662670367 0.9536012948475856 4
1700662675157 0.9600755327758295 0
1700662676759 0.9681683301861344 1
1700662678316 0.9662800107903965 2
1700662679865 0.9743728082007014 3
1700662681437 0.9722147288912868 4
1700662685697 0.9678985702724575 0
1700662687252 0.9789587267332075 1
1700662688799 0.9808470461289452 2
1700662690362 0.9865120043161586 3
1700662691925 0.9848934448340977 4
1700662696216 0.9830051254383598 0
1700662697746 0.9865120043161586 1
1700662699269 0.9854329646614514 2
1700662700815 0.987591043970866 3
1700662702522 0.9897491232802805 4
1700662707017 0.9848975188781014 0
1700662708557 0.9838187702265372 1
1700662710156 0.9865156418554477 2
1700662711742 0.9905609492988133 3
1700662713394 0.9894822006472492 4
