1700610943761 0.9393684968095402 0
1700610945404 0.40464435707263907 1
1700610947016 0.36406600183068677 2
1700610948654 0.28184193154347353 3
1700610950299 0.21702705322090407 4
1700610954584 0.17510494152244566 0
1700610956248 0.15001365362168773 1
1700610957934 0.10591481154150298 2
1700610959617 0.08925325578231172 3
1700610961359 0.08915475405278969 4
1700610965589 0.10280284177560102 0
1700610967397 0.08160707177514018 1
1700610969116 0.11647692625009423 2
1700610970781 0.0735039963800428 3
1700610972439 0.04465557671661874 4
1700610976761 0.06536571557707843 0
1700610978375 0.050346583704532384 1
1700610979982 0.04898446573121152 2
1700610981557 0.06830709831837307 3
1700610983148 0.07765736647656765 4
1700610987553 0.09872838619751213 0
1700610989170 0.08140769242489679 1
1700610990809 0.09415196485271485 2
1700610992420 0.07239018914948121 3
1700610994038 0.04760832098766294 4
