1700610943762 0.8176422983544646 0
1700610945405 0.9125977879687078 1
1700610947017 0.9196115457243054 2
1700610948655 0.9298624224440248 3
1700610950300 0.9479363366603722 4
1700610954585 0.9614243323442137 0
1700610956248 0.9584569732937686 1
1700610957935 0.9743728082007014 2
1700610959617 0.9789587267332075 3
1700610961360 0.9762611275964391 4
1700610965590 0.9776099271648233 0
1700610967398 0.9800377663879147 1
1700610969117 0.9695171297545184 2
1700610970782 0.9805772862152684 3
1700610972440 0.9894793633666037 4
1700610976762 0.9862422444024818 0
1700610978376 0.9867817642298354 1
1700610979983 0.9867817642298354 2
1700610981558 0.9800377663879147 3
1700610983149 0.9789587267332075 4
1700610987554 0.971143473570658 0
1700610989171 0.982740021574973 1
1700610990809 0.9776159654800431 2
1700610992421 0.9819309600862999 3
1700610994039 0.9875943905070119 4
