1700600687067 0.8157539789587267 0
1700600688705 0.8950633935797141 1
1700600690381 0.9209603452926896 2
1700600692042 0.9268950633935797 3
1700600693701 0.9330995414081468 4
1700600698082 0.9414620987321284 0
1700600699716 0.9571081737253844 1
1700600701462 0.9552198543296466 2
1700600703146 0.9616940922578905 3
1700600704848 0.9697868896681953 4
1700600709374 0.9646614513083356 0
1700600711046 0.967089290531427 1
1700600712807 0.968707850013488 2
1700600714473 0.9622336120852442 3
1700600716169 0.9476665767466954 4
1700600721033 0.9433504181278662 0
1700600723112 0.9525222551928784 1
1700600724950 0.8888589155651471 2
1700600726781 0.9163744267601834 3
1700600728599 0.9417318586458052 4
1700600733240 0.9484897518878102 0
1700600734956 0.9552319309600863 1
1700600736594 0.947680690399137 2
1700600738349 0.95361380798274 3
1700600740021 0.9641316073354909 4
