1700600687066 0.8478914697108597 0
1700600688704 0.42235214719227676 1
1700600690380 0.30836051561195277 2
1700600692042 0.2714538065122505 3
1700600693700 0.24093448479884658 4
1700600698081 0.21748967435018257 0
1700600699716 0.16280570330804792 1
1700600701461 0.1725530788454966 2
1700600703145 0.13966528351161758 3
1700600704848 0.10600344782518543 4
1700600709373 0.13863378074742724 0
1700600711045 0.122892189983696 1
1700600712806 0.12113548598878471 2
1700600714473 0.15227919336556905 3
1700600716168 0.17739743310837716 4
1700600721032 0.2211844424038708 0
1700600723111 0.1843073616880153 1
1700600724950 0.4852186916074876 2
1700600726780 0.3247001487761736 3
1700600728598 0.22741989775335994 4
1700600733239 0.20208708903399006 0
1700600734956 0.1729639689438045 1
1700600736594 0.198938372978491 2
1700600738348 0.16791132521606852 3
1700600740020 0.1274632419186548 4
