1700600860023 0.7493930401942271 0
1700600861775 0.8173725384407877 1
1700600863509 0.8527110871324521 2
1700600865230 0.8316698138656595 3
1700600866968 0.8465066091178851 4
1700600871501 0.8594550849743728 0
1700600873213 0.8742918802265983 1
1700600874941 0.863771243593202 2
1700600876684 0.8597248448880497 3
1700600878468 0.8594550849743728 4
1700600883223 0.8589155651470192 0
1700600884937 0.8473158888589155 1
1700600886738 0.7650391151874831 2
1700600888511 0.7963312651739951 3
1700600890254 0.7968707850013488 4
1700600895021 0.8351766927434583 0
1700600896776 0.8257350957647693 1
1700600898554 0.8432694901537632 2
1700600900305 0.8238467763690316 3
1700600902019 0.8230374966280011 4
1700600906417 0.7931499460625674 0
1700600908101 0.7656418554476807 1
1700600909803 0.7764293419633226 2
1700600911490 0.7982740021574973 3
1700600913188 0.8001618122977346 4
