1700600860022 1.4272284728699718 0
1700600861775 0.7075128326642102 1
1700600863508 0.5933541876488718 2
1700600865230 0.7359448002073271 3
1700600866967 0.6278822353944696 4
1700600871501 0.6081719215445477 0
1700600873213 0.5377280037721683 1
1700600874940 0.5879195347299864 2
1700600876683 0.6021243948489428 3
1700600878467 0.5839369087640581 4
1700600883223 0.5633471064783376 0
1700600884936 0.6232338816184422 1
1700600886738 1.0465026436180904 2
1700600888510 0.9080510450334385 3
1700600890254 0.8572642298351074 4
1700600895021 0.7383082602815382 0
1700600896775 0.750000784237837 1
1700600898553 0.6768652647733688 2
1700600900304 0.7223565782709368 3
1700600902018 0.7347530229338284 4
1700600906416 0.8406118840493005 0
1700600908101 0.9495035736211415 1
1700600909803 0.9094592239065417 2
1700600911489 0.7941096340273989 3
1700600913188 0.7761221682203228 4
