1700665966812 0.751011599676288 0
1700665968454 0.7901267871594281 1
1700665970099 0.7930941462098732 2
1700665971775 0.7914755867278123 3
1700665973363 0.7863501483679525 4
1700665977773 0.7947127056919342 0
1700665979364 0.7925546263825196 1
1700665980996 0.8030752630159158 2
1700665982576 0.7914755867278123 3
1700665984265 0.7868896681953061 4
1700665988520 0.7990288643107635 0
1700665990079 0.8063123819800377 1
1700665991846 0.8068519018073914 2
1700665993478 0.8030752630159158 3
1700665995044 0.7992986242244402 4
1700665999248 0.7928243862961963 0
1700666000795 0.7906663069867818 1
1700666002335 0.7960615052603183 2
1700666003887 0.7868896681953061 3
1700666005449 0.7858106285405989 4
1700666009792 0.7847896440129449 0
1700666011350 0.7753505933117584 1
1700666012918 0.7837108953613808 2
1700666014513 0.7764293419633226 3
1700666016079 0.7783171521035599 4
