1700665966811 1.0251317150120078 0
1700665968453 0.8367629696069092 1
1700665970098 0.8050884653268189 2
1700665971774 0.8126556197630947 3
1700665973362 0.8239306054752449 4
1700665977771 0.8179117929318855 0
1700665979363 0.8022342992239985 1
1700665980995 0.7566725912279096 2
1700665982575 0.7958872724196007 3
1700665984265 0.8031310875867975 4
1700665988519 0.7651419567650762 0
1700665990074 0.7654220705916142 1
1700665991845 0.7361101711104656 2
1700665993477 0.7469511540799305 3
1700665995043 0.7638848438088236 4
1700665999247 0.7952747497836063 0
1700666000794 0.7777735475322296 1
1700666002334 0.7719334055637491 2
1700666003886 0.8084118355964792 3
1700666005448 0.8199917622681322 4
1700666009791 0.837579485414357 0
1700666011350 0.8511742589802578 1
1700666012917 0.8059791002807946 2
1700666014512 0.8307086799679131 3
1700666016078 0.8244706988334656 4
