1700663054978 0.6970596169409226 0
1700663056636 0.7615322363096844 1
1700663058282 0.7895872673320744 2
1700663059949 0.8068519018073914 3
1700663061635 0.7750202319935258 4
1700663065968 0.7898570272457512 0
1700663067636 0.7882384677636903 1
1700663069270 0.7909360669004586 2
1700663070907 0.8055031022390072 3
1700663072586 0.7680064742379282 4
1700663076862 0.7836525492311842 0
1700663078522 0.8041543026706232 1
1700663080192 0.8117075802535744 2
1700663081863 0.7957917453466415 3
1700663083509 0.794982465605611 4
1700663087785 0.7979498246560561 0
1700663089383 0.8060426220663609 1
1700663091055 0.8235770164553547 2
1700663092695 0.7914755867278123 3
1700663094342 0.7547882384677637 4
1700663098884 0.7424487594390508 0
1700663100522 0.7427184466019418 1
1700663102186 0.7686084142394822 2
1700663103854 0.7629449838187702 3
1700663105477 0.7723840345199569 4
