1700663054978 1.847042277969163 0
1700663056635 0.9255432268155033 1
1700663058281 0.8347637979634877 2
1700663059948 0.7806996523306288 3
1700663061634 0.9235828657602442 4
1700663065967 0.8188339800670229 0
1700663067635 0.7903865221245535 1
1700663069269 0.872340804800905 2
1700663070906 0.7744631494941383 3
1700663072585 0.9363261569162895 4
1700663076861 0.859259834448839 0
1700663078521 0.7767438469775791 1
1700663080192 0.767993715045781 2
1700663081862 0.7980297328583126 3
1700663083508 0.8147743113082031 4
1700663087784 0.7962515212852379 0
1700663089383 0.7713709309183318 1
1700663091054 0.7064504685073063 2
1700663092694 0.8375626192267599 3
1700663094342 1.0166763534833645 4
1700663098883 1.0716631546102722 0
1700663100521 1.0523471734647094 1
1700663102185 0.9688461345845255 2
1700663103854 0.9541921623308083 3
1700663105476 0.9124440394085029 4
