1700600573404 0.7814944699217696 0
1700600574995 0.9436201780415431 1
1700600576608 0.967089290531427 2
1700600578278 0.9773401672511465 3
1700600579928 0.9819260857836526 4
1700600584418 0.978149446992177 0
1700600586071 0.9862422444024818 1
1700600587706 0.9900188831939574 2
1700600589449 0.9932560021580793 3
1700600591160 0.9919072025896952 4
1700600595611 0.9927164823307256 0
1700600597225 0.992176962503372 1
1700600598871 0.9948745616401403 2
1700600600555 0.9943350418127866 3
1700600602215 0.9973024008632317 4
1700600606643 0.9919072025896952 0
1700600608307 0.9964931211222012 1
1700600609953 0.9978419206905854 2
1700600611597 0.9932560021580793 3
1700600613207 0.9946048017264635 4
1700600617490 0.9964940668824164 0
1700600619089 0.9962243797195254 1
1700600620724 0.9964940668824164 2
1700600622339 0.9975728155339806 3
1700600624021 0.9989212513484358 4
