1700600573403 1.1462530711473062 0
1700600574994 0.2944744421522422 1
1700600576607 0.1576976615550189 2
1700600578278 0.10429891032078464 3
1700600579927 0.0765934096697461 4
1700600584417 0.10742148763002378 0
1700600586070 0.062133611020318974 1
1700600587703 0.042028910065960975 2
1700600589448 0.03720096342997216 3
1700600591159 0.03691897771204822 4
1700600595610 0.037229397632221786 0
1700600597224 0.0365558961117319 1
1700600598870 0.02885911239919269 2
1700600600554 0.026988155756232025 3
1700600602214 0.013143809866019653 4
1700600606643 0.03261712073711759 0
1700600608307 0.017588657623554323 1
1700600609952 0.015501501095749173 2
1700600611596 0.025195767552037885 3
1700600613207 0.023879356622085745 4
1700600617489 0.012701632888788951 0
1700600619088 0.015637790942303675 1
1700600620723 0.01834208823781629 2
1700600622338 0.007859594892516756 3
1700600624020 0.006747274134136989 4
