1700600401663 1.4116295560680587 0
1700600403327 0.9320830869777449 1
1700600405086 0.8694248934244287 2
1700600406746 0.9219839554922334 3
1700600408390 0.9440262772399803 4
1700600412748 0.953735116740753 0
1700600414461 1.1075736155797695 1
1700600416132 1.1024958953775208 2
1700600417803 1.078264800125155 3
1700600419456 1.00309958771385 4
1700600423835 1.0252682659132728 0
1700600425499 1.0047031104050834 1
1700600427151 0.9787430162059849 2
1700600428834 1.0975203799276516 3
1700600430473 1.038766677266565 4
1700600434805 1.0398877997850549 0
1700600436469 1.0613430661374126 1
1700600438109 1.0236363459763855 2
1700600439801 1.0449021530562435 3
1700600441404 1.015351023653458 4
1700600445833 1.0375331861191783 0
1700600447491 1.0457799090393658 1
1700600449137 0.9973369780285605 2
1700600450801 1.0384902842342854 3
1700600452559 1.0194254890084267 4
