1700600401664 0.7140544915025627 0
1700600403328 0.7769085513892635 1
1700600405088 0.7841920690585379 2
1700600406746 0.7696250337199892 3
1700600408391 0.7742109522524953 4
1700600412748 0.7712435932020502 0
1700600414462 0.7348260048556784 1
1700600416132 0.7353655246830321 2
1700600417804 0.7458861613164284 3
1700600419457 0.7677367143242514 4
1700600423836 0.7599136768276235 0
1700600425500 0.7704343134610196 1
1700600427152 0.7666576746695442 2
1700600428834 0.7423792824386296 3
1700600430474 0.7626112759643917 4
1700600434806 0.7663879147558673 0
1700600436470 0.7585648772592393 1
1700600438109 0.7647693552738063 2
1700600439802 0.7631507957917454 3
1700600441405 0.763690315619099 4
1700600445833 0.7629449838187702 0
1700600447492 0.7607874865156419 1
1700600449137 0.7640237324703344 2
1700600450802 0.7545846817691478 3
1700600452560 0.7683387270765911 4
