1700600342031 0.755867278122471 0
1700600343797 0.9304019422713785 1
1700600345498 0.9573779336390612 2
1700600347157 0.973293768545994 3
1700600348906 0.9797680064742379 4
1700600354396 0.9792284866468842 0
1700600356064 0.9778796870785001 1
1700600357723 0.98893984353925 2
1700600359435 0.9910979228486647 3
1700600361162 0.9881305637982196 4
1700600365842 0.9878608038845428 0
1700600367562 0.9892096034529269 1
1700600369254 0.9932560021580793 2
1700600370941 0.9956838413811707 3
1700600372605 0.9978419206905854 4
1700600377305 0.9919072025896952 0
1700600378953 0.9946048017264635 1
1700600380644 0.9954140814674939 2
1700600382365 0.9959536012948476 3
1700600384101 0.9943350418127866 4
1700600389218 0.9929881337648327 0
1700600391027 0.994066882416397 1
1700600392797 0.9956850053937433 2
1700600394680 0.9962243797195254 3
1700600396677 0.9970334412081985 4
