1700600342030 1.3078421490459606 0
1700600343797 0.3471363068333474 1
1700600345497 0.20404260180858447 2
1700600347157 0.1183964080269577 3
1700600348905 0.09773997017904988 4
1700600354395 0.09657814428772263 0
1700600356063 0.09727677941655516 1
1700600357722 0.0555589013885514 2
1700600359434 0.03925353898024508 3
1700600361161 0.048023904152896965 4
1700600365841 0.05327899353418114 0
1700600367561 0.04056591411865846 1
1700600369254 0.0293755747984035 2
1700600370940 0.017445199892571164 3
1700600372605 0.012822778772307832 4
1700600377304 0.0353230543819493 0
1700600378953 0.023740160974958943 1
1700600380643 0.01783231719410055 2
1700600382365 0.02051277229274374 3
1700600384100 0.02104196662574019 4
1700600389217 0.021458789988236245 0
1700600391026 0.025338232921183527 1
1700600392796 0.015990558755408436 2
1700600394679 0.01375348755265867 3
1700600396676 0.01020515605855978 4
