1700665053775 0.7078500134879957 0
1700665055332 0.7966010250876719 1
1700665056913 0.7850013487995684 2
1700665058486 0.7677367143242514 3
1700665060047 0.7601834367413003 4
1700665064743 0.7488535203668735 0
1700665066303 0.7609927164823307 1
1700665067874 0.7593741570002698 2
1700665069455 0.7688157539789587 3
1700665071024 0.7712435932020502 4
1700665075155 0.762071756137038 0
1700665076737 0.7720528729430807 1
1700665078300 0.7599136768276235 2
1700665079857 0.7739411923388184 3
1700665081428 0.7704343134610196 4
1700665085648 0.7677367143242514 0
1700665087222 0.7779875910439709 1
1700665088809 0.7669274345832209 2
1700665090406 0.7666576746695442 3
1700665092007 0.7577555975182088 4
1700665096273 0.7429881337648327 0
1700665097885 0.7448759439050702 1
1700665099445 0.7599784250269687 2
1700665101029 0.7483818770226537 3
1700665102676 0.7626752966558792 4
