1700665053774 1.3197111132843742 0
1700665055331 0.833016753967466 1
1700665056912 0.862856476985175 2
1700665058485 0.8992278254751501 3
1700665060046 0.9683942042034248 4
1700665064742 0.9859389190016121 0
1700665066302 0.9256813490185244 1
1700665067873 0.9871847174804786 2
1700665069454 0.9460707188680254 3
1700665071023 0.9527610512129192 4
1700665075154 0.9769503101706505 0
1700665076736 0.9628838765723952 1
1700665078299 1.0120882790150314 2
1700665079856 0.9701719153030165 3
1700665081428 0.9722033230395153 4
1700665085647 0.9943201624113938 0
1700665087221 0.9599965579550842 1
1700665088809 0.9834294665990204 2
1700665090405 0.9702448045899128 3
1700665092006 0.9992810420948883 4
1700665096271 1.075153976165015 0
1700665097884 1.0992259547628205 1
1700665099444 0.9753408226473578 2
1700665101029 1.019245842150573 3
1700665102676 0.9516284347608172 4
