1700657956185 0.028586111346133595 0
1700657958272 0.023850636498148864 1
1700657960327 0.02688409393100301 2
1700657962394 0.02514910484964882 3
1700657964456 0.016149431945135195 4
1700657966520 0.02440257984805309 5
1700657968555 0.011811526083135201 6
1700657970593 0.01096336897307386 7
1700657972631 0.010135110336753617 8
1700657974660 0.01906924858970645 9
1700657976708 0.015687504051117383 10
1700657978756 0.014715774392728538 11
1700657980805 0.026516446698030147 12
1700657982869 0.01624968837146298 13
1700657984941 0.018700189856705643 14
1700657986985 0.009074139449173041 15
1700657989040 0.017642433045063324 16
1700657991124 0.021572037644218653 17
1700657993176 0.018390843627954987 18
1700657995217 0.014702607030242992 19
1700657997288 0.030797087191798102 20
1700657999366 0.019303635171430262 21
1700658001417 0.01803152871327863 22
1700658003501 0.03163870303881898 23
1700658005564 0.018165675293688156 24
1700658007639 0.02688934893812984 25
1700658009682 0.03653696458670311 26
1700658011752 0.023259622441837564 27
1700658013819 0.07375801387436999 28
1700658015895 0.05282017704099417 29
1700658017644 0.05282017704099417 0
