1700657956189 0.9949937421777222 0
1700657958276 0.9945765540258656 1
1700657960330 0.9935335836462245 2
1700657962397 0.9939507717980809 3
1700657964460 0.9962453066332916 4
1700657966523 0.9945765540258656 5
1700657968559 0.9966624947851481 6
1700657970597 0.9977054651647893 7
1700657972635 0.9983312473925741 8
1700657974663 0.9960367125573634 9
1700657976712 0.9947851481017939 10
1700657978760 0.9985398414685023 11
1700657980809 0.9956195244055068 12
1700657982873 0.9966624947851481 13
1700657984945 0.9972882770129329 14
1700657986989 0.9981226533166458 15
1700657989044 0.9964539007092199 16
1700657991128 0.9966624947851481 17
1700657993180 0.9962453066332916 18
1700657995220 0.9962453066332916 19
1700657997291 0.9947851481017939 20
1700657999369 0.9962453066332916 21
1700658001421 0.9954109303295786 22
1700658003505 0.992282019190655 23
1700658005568 0.9952023362536504 24
1700658007643 0.9935335836462245 25
1700658009686 0.9929078014184397 26
1700658011756 0.9952023362536504 27
1700658013822 0.9870671672924489 28
1700658015899 0.989778890279516 29
