1700610722744 0.8983703065535118 0
1700610724364 0.6968962681190721 1
1700610725970 0.6760543347175779 2
1700610727591 0.6349816860566879 3
1700610729215 0.5701196363260006 4
1700610733482 0.6154660412977482 0
1700610735092 0.6721212562045147 1
1700610736714 0.6373754577261621 2
1700610738362 0.859892429205878 3
1700610740030 0.6804298886965061 4
1700610744363 0.6193449525483723 0
1700610745999 0.5937165077133425 1
1700610747620 0.6399553562032765 2
1700610749287 0.6864490101820436 3
1700610750964 0.6442848991217285 4
1700610755266 0.5165681529404789 0
1700610756859 0.65408062446734 1
1700610758511 0.7285293047798092 2
1700610760128 0.7157418020069599 3
1700610761735 0.6387731178567327 4
1700610766071 0.7813493682649629 0
1700610767761 1.0091089395613506 1
1700610769369 0.6892831655668801 2
1700610770985 0.6647148313450402 3
1700610772612 0.7267610858483561 4
