1700610722745 0.8009171837065012 0
1700610724365 0.8224979768006474 1
1700610725971 0.835716212570812 2
1700610727592 0.8516320474777448 3
1700610729215 0.8635014836795252 4
1700610733483 0.8527110871324521 0
1700610735092 0.8376045319665498 1
1700610736715 0.8456973293768546 2
1700610738363 0.7863501483679525 3
1700610740031 0.8297814944699218 4
1700610744364 0.8510925276503911 0
1700610745999 0.857566765578635 1
1700610747621 0.8378742918802266 2
1700610749288 0.8297814944699218 3
1700610750965 0.846776369031562 4
1700610755267 0.8729430806582142 0
1700610756859 0.8384138117075802 1
1700610758512 0.8103587806851902 2
1700610760128 0.8203398974912328 3
1700610761736 0.8370650121391962 4
1700610766072 0.802049622437972 0
1700610767762 0.7578209277238404 1
1700610769370 0.814185544768069 2
1700610770986 0.8314455231930961 3
1700610772613 0.814185544768069 4
