1700610668146 1.3036557913854205 0
1700610669825 0.9372218212690847 1
1700610671475 0.7658637875112994 2
1700610673055 0.5531473363396423 3
1700610674656 0.4581889609549323 4
1700610678974 0.5189498788837729 0
1700610680519 0.6626435579924748 1
1700610682097 0.5726808369930448 2
1700610683738 0.4367969175479535 3
1700610685384 0.49928759789929306 4
1700610689996 0.5875600496756619 0
1700610691577 0.7004583780493202 1
1700610693151 0.6590539473911812 2
1700610694728 0.46367084562521554 3
1700610696329 0.36072464547409067 4
1700610700753 0.4566504886566565 0
1700610702298 0.43953507599131814 1
1700610703924 0.3536795862340208 2
1700610705502 0.5123016525156282 3
1700610707151 0.5819812050924219 4
1700610711596 0.8328823942113025 0
1700610713264 0.5139603666190443 1
1700610714869 0.5580215672480648 2
1700610716467 0.6574626453220844 3
1700610718145 0.4909725175078573 4
