1700610668147 0.7116266522794713 0
1700610669826 0.7634205557054222 1
1700610671476 0.810628540598867 2
1700610673056 0.8624224440248179 3
1700610674657 0.8883193957377934 4
1700610678974 0.8864310763420555 0
1700610680519 0.841920690585379 1
1700610682098 0.8537901267871594 2
1700610683739 0.884272997032641 3
1700610685384 0.8764499595360129 4
1700610689997 0.8527110871324521 0
1700610691579 0.83247909360669 1
1700610693152 0.8308605341246291 2
1700610694729 0.8783382789317508 3
1700610696330 0.9026166711626652 4
1700610700754 0.8813056379821959 0
1700610702299 0.8861613164283787 1
1700610703925 0.913946587537092 2
1700610705503 0.8694362017804155 3
1700610707151 0.8602643647154032 4
1700610711597 0.8098705501618123 0
1700610713265 0.8640776699029126 1
1700610714870 0.8573354908306364 2
1700610716468 0.8449298813376483 3
1700610718146 0.8810679611650486 4
