1700662718326 0.9565318356557139 0
1700662720038 0.33696665197353937 1
1700662721773 0.2721093151204545 2
1700662723459 0.21673681533991776 3
1700662725149 0.21716971714691868 4
1700662729554 0.22810113812186594 0
1700662731333 0.17107818909150002 1
1700662733025 0.14764454690257794 2
1700662734696 0.17038321911742718 3
1700662736419 0.13616393373652907 4
1700662740703 0.1385965139829907 0
1700662742420 0.15872162790840555 1
1700662744110 0.12555359051851878 2
1700662745771 0.10967575272561275 3
1700662747466 0.07241717888572222 4
1700662751996 0.09036847360528491 0
1700662753636 0.08905476526405405 1
1700662755340 0.10701064514156816 2
1700662757011 0.07029084373287584 3
1700662758668 0.0892466878566634 4
1700662763133 0.15720017306940182 0
1700662764791 0.13040602556429803 1
1700662766458 0.10821745847351849 2
1700662768130 0.10259186143681792 3
1700662769781 0.09280480805419161 4
