1700662718327 0.820070137577556 0
1700662720039 0.923388184515781 1
1700662721774 0.9349878608038845 2
1700662723460 0.946857297005665 3
1700662725150 0.9457782573509577 4
1700662729555 0.946857297005665 0
1700662731334 0.9557593741570003 1
1700662733026 0.9616940922578905 2
1700662734697 0.9536012948475856 3
1700662736420 0.9649312112220124 4
1700662740704 0.9652009711356893 0
1700662742421 0.9619638521715673 1
1700662744110 0.9681683301861344 2
1700662745772 0.9730240086323172 3
1700662747467 0.9835446452657135 4
1700662751997 0.9768006474237928 0
1700662753637 0.9722147288912868 1
1700662755341 0.9711356892365794 2
1700662757012 0.9811168060426221 3
1700662758669 0.9768006474237928 4
1700662763133 0.9590075512405609 0
1700662764792 0.964670981661273 1
1700662766459 0.9716828478964401 2
1700662768131 0.9695253505933118 3
1700662769782 0.9759978425026968 4
