1700665107179 0.7873342877960411 0
1700665108750 0.23343889819907732 1
1700665110362 0.16010873387407126 2
1700665111974 0.1113337420473068 3
1700665113619 0.10676859363568304 4
1700665117763 0.12652613467472637 0
1700665119279 0.12162157710428864 1
1700665120819 0.07667663247637643 2
1700665122363 0.06821830769256158 3
1700665123907 0.06579357725949476 4
1700665128063 0.08358822050223384 0
1700665129593 0.07864763147141464 1
1700665131113 0.0787579031612981 2
1700665132652 0.07346231701426562 3
1700665134181 0.04095782134541439 4
1700665138398 0.09601972961561465 0
1700665139970 0.0731464127361662 1
1700665141506 0.046943359381061624 2
1700665143051 0.05575124202858143 3
1700665144580 0.043163680533200084 4
1700665148768 0.05836985881765502 0
1700665150300 0.05939228209648843 1
1700665151818 0.057845013680795594 2
1700665153365 0.05027222309355897 3
1700665154883 0.04959492088177097 4
