1700665107180 0.8297814944699218 0
1700665108751 0.9420016185594821 1
1700665110363 0.9587267332074454 2
1700665111974 0.9676288103587807 3
1700665113620 0.9678985702724575 4
1700665117764 0.968707850013488 0
1700665119279 0.9641219314809819 1
1700665120820 0.9773401672511465 2
1700665122363 0.9789587267332075 3
1700665123908 0.9824656056110062 4
1700665128064 0.9794982465605611 0
1700665129594 0.9770704073374696 1
1700665131113 0.9759913676827623 2
1700665132653 0.978149446992177 3
1700665134182 0.9857027245751281 4
1700665138399 0.9727542487186404 0
1700665139971 0.9784192069058538 1
1700665141509 0.982735365524683 2
1700665143051 0.9838144051793903 3
1700665144581 0.987591043970866 4
1700665148769 0.9808522114347357 0
1700665150300 0.9816612729234089 1
1700665151819 0.9851672060409924 2
1700665153366 0.9846278317152104 3
1700665154884 0.9830097087378641 4
