1700610998282 0.8203398974912328 0
1700610999799 0.9366064202859455 1
1700611001289 0.96088481251686 2
1700611002772 0.9722147288912868 3
1700611004296 0.9800377663879147 4
1700611008407 0.9805772862152684 0
1700611009912 0.9900188831939574 1
1700611011394 0.9919072025896952 2
1700611012876 0.9902886431076342 3
1700611014374 0.9935257620717561 4
1700611018443 0.990558403021311 0
1700611019935 0.992176962503372 1
1700611021411 0.9951443215538172 2
1700611022905 0.9964931211222012 3
1700611024400 0.9975721607769086 4
1700611028501 0.9910979228486647 0
1700611030029 0.9927164823307256 1
1700611031534 0.9962233612085244 2
1700611033009 0.9970326409495549 3
1700611034526 0.9981116806042623 4
1700611038870 0.9989212513484358 0
1700611040396 0.9981121898597627 1
1700611041911 0.9973031283710896 2
1700611043393 0.9986515641855448 3
1700611044899 0.9989212513484358 4
