1700610998282 0.9222608003123053 0
1700610999798 0.28211023941122254 1
1700611001289 0.158792631339346 2
1700611002771 0.113863367575285 3
1700611004295 0.07422396297373905 4
1700611008406 0.08419728040261644 0
1700611009912 0.04628520713043239 1
1700611011393 0.03896020186045367 2
1700611012875 0.04197825609198531 3
1700611014373 0.024348926577909755 4
1700611018442 0.04730249099646181 0
1700611019935 0.029562669722383424 1
1700611021410 0.01842458263252348 2
1700611022904 0.012417025305130037 3
1700611024399 0.010556957572432645 4
1700611028501 0.03316415040874211 0
1700611030028 0.030257629001802153 1
1700611031533 0.015815923106856644 2
1700611033008 0.012820550651166083 3
1700611034525 0.0075244511325105 4
1700611038869 0.005074366471772323 0
1700611040395 0.0068318124937110855 1
1700611041910 0.012867050161103493 2
1700611043392 0.005830946453239323 3
1700611044898 0.009400078266323896 4
