1700663109925 0.9462885954256716 0
1700663111666 0.3676906478398576 1
1700663113421 0.2749763346148719 2
1700663115199 0.23317866418350103 3
1700663117019 0.2040730017831485 4
1700663121471 0.17380143085430408 0
1700663123270 0.1515953606877733 1
1700663125063 0.1529617215474618 2
1700663126853 0.15567216444921134 3
1700663128637 0.1499211237733734 4
1700663133004 0.1575015739593976 0
1700663134789 0.12524382158278904 1
1700663136589 0.14682913256873345 2
1700663138374 0.12400596423459978 3
1700663140176 0.13129873645234982 4
1700663144540 0.15788666448748573 0
1700663146214 0.11971158971849444 1
1700663147901 0.13028513770229344 2
1700663149620 0.12623051987109898 3
1700663151318 0.11569552111503636 4
1700663155696 0.1296477354781959 0
1700663157477 0.12748907147585575 1
1700663159252 0.11841126561871376 2
1700663161037 0.09728167784914117 3
1700663162821 0.12811281862026402 4
