1700663109926 0.8157539789587267 0
1700663111667 0.9112489884003238 1
1700663113422 0.9328297814944699 2
1700663115200 0.9414620987321284 3
1700663117020 0.9465875370919882 4
1700663121472 0.9554896142433235 0
1700663123270 0.9611545724305368 1
1700663125064 0.9581872133800917 2
1700663126854 0.9584569732937686 3
1700663128638 0.9595360129484759 4
1700663133005 0.9665497707040733 0
1700663134790 0.9649312112220124 1
1700663136590 0.9606150526031831 2
1700663138375 0.967089290531427 3
1700663140177 0.9654707310493661 4
1700663144541 0.9589964931211222 0
1700663146215 0.9676288103587807 1
1700663147902 0.968707850013488 2
1700663149620 0.9643916913946587 3
1700663151319 0.9703264094955489 4
1700663155697 0.9635922330097088 0
1700663157478 0.9692556634304207 1
1700663159252 0.9714131607335491 2
1700663161038 0.9749190938511327 3
1700663162822 0.9689859762675297 4
