1700600802314 0.7580253574318856 0
1700600804032 0.9031561909900189 1
1700600805695 0.9336390612355004 2
1700600807377 0.9525222551928784 3
1700600809137 0.9598057728621527 4
1700600813831 0.9668195306177502 0
1700600815578 0.9711356892365794 1
1700600817409 0.9803075263015916 2
1700600819186 0.9851632047477745 3
1700600820938 0.9824656056110062 4
1700600825611 0.9805772862152684 0
1700600827365 0.9902886431076342 1
1700600829182 0.9892096034529269 2
1700600830989 0.9916374426760184 3
1700600832710 0.9927164823307256 4
1700600837205 0.9867817642298354 0
1700600838943 0.9908281629349879 1
1700600840643 0.9932560021580793 2
1700600842312 0.9962233612085244 3
1700600844081 0.9946048017264635 4
1700600848669 0.9932578209277239 0
1700600850356 0.9946062567421791 1
1700600852049 0.9935275080906149 2
1700600853742 0.9959546925566343 3
1700600855458 0.9951456310679612 4
