1700600802313 1.2638799006055141 0
1700600804031 0.45055264202428275 1
1700600805694 0.28956468327870144 2
1700600807376 0.1964079928825256 3
1700600809136 0.1519712589135201 4
1700600813830 0.15506987061736913 0
1700600815577 0.11469249047162332 1
1700600817408 0.08198188780405527 2
1700600819185 0.054888978159930234 3
1700600820937 0.0659792261772211 4
1700600825609 0.06996717972576554 0
1700600827365 0.040127094120493735 1
1700600829181 0.03713509882398849 2
1700600830989 0.02935651122393681 3
1700600832709 0.03176437162393744 4
1700600837204 0.05289619703373695 0
1700600838943 0.039476041817046094 1
1700600840643 0.02376900198478011 2
1700600842310 0.013866622727775769 3
1700600844080 0.02158475733963785 4
1700600848668 0.024374967621732704 0
1700600850354 0.019914361208944246 1
1700600852048 0.024354299663235875 2
1700600853741 0.01631155189822713 3
1700600855458 0.021307306288157444 4
