1700610835902 0.8466498656519528 0
1700610837610 0.4320905089763732 1
1700610839262 0.3934956319501688 2
1700610840877 0.539350079308296 3
1700610842500 0.42450785288458753 4
1700610846772 0.5072522681078007 0
1700610848398 0.4139278692289673 1
1700610850027 0.4748291737110964 2
1700610851653 0.3976261214963321 3
1700610853260 0.41149365584012765 4
1700610857446 0.4434632112689573 0
1700610859066 0.4131774447601417 1
1700610860694 0.41176229776364975 2
1700610862311 0.3901041704390583 3
1700610863933 0.37269642175143136 4
1700610868172 0.37542859461672345 0
1700610869767 0.34733716331036957 1
1700610871382 0.37253193470553075 2
1700610872977 0.4953388696986026 3
1700610874596 0.592142855684305 4
1700610878804 0.5832432175761667 0
1700610880430 0.5118350755615995 1
1700610882010 0.6370726452562315 2
1700610883600 0.609118642221237 3
1700610885228 0.5251243303305116 4
