1700610835903 0.8038845427569463 0
1700610837611 0.9007283517669274 1
1700610839262 0.9120582681413542 2
1700610840877 0.8740221203129215 3
1700610842501 0.8942541138386836 4
1700610846773 0.8818451578095495 0
1700610848399 0.9026166711626652 1
1700610850028 0.8902077151335311 2
1700610851654 0.9034259509036957 3
1700610853261 0.8985702724575129 4
1700610857447 0.8912867547882385 0
1700610859067 0.907742109522525 1
1700610860694 0.901537631507958 2
1700610862312 0.9125977879687078 3
1700610863933 0.9174534664148908 4
1700610868172 0.9150256271917993 0
1700610869768 0.9117885082276773 1
1700610871383 0.9072025896951713 2
1700610872977 0.8815753978958727 3
1700610874597 0.8672781224710008 4
1700610878804 0.8616504854368932 0
1700610880431 0.8816073354908306 1
1700610882011 0.8465480043149946 2
1700610883601 0.8435814455231931 3
1700610885229 0.8745954692556634 4
