1700610612456 0.8149446992176963 0
1700610614048 0.9155651470191529 1
1700610615573 0.9527920151065552 2
1700610617429 0.967089290531427 3
1700610619051 0.9778796870785001 4
1700610624232 0.9784192069058538 0
1700610625754 0.9840841650930672 1
1700610627267 0.987591043970866 2
1700610628830 0.9908281629349879 3
1700610630577 0.9865120043161586 4
1700610634833 0.984353925006744 0
1700610636422 0.987591043970866 1
1700610638036 0.9884003237118965 2
1700610639573 0.9902886431076342 3
1700610641119 0.9857027245751281 4
1700610645637 0.9813865659562989 0
1700610647319 0.992176962503372 1
1700610648928 0.9927164823307256 2
1700610650568 0.984353925006744 3
1700610652151 0.9892096034529269 4
