1700610612455 0.8725585418528524 0
1700610614048 0.33677222952246666 1
1700610615573 0.17548291486334697 2
1700610617428 0.13788116131989478 3
1700610619050 0.08137881870237018 4
1700610624231 0.079468422513134 0
1700610625754 0.06722730792886257 1
1700610627266 0.05436111390108949 2
1700610628829 0.03643180813804943 3
1700610630576 0.051911881299898155 4
1700610634832 0.07382301109891128 0
1700610636420 0.0551681423942149 1
1700610638035 0.04727557244919369 2
1700610639572 0.04121554011362605 3
1700610641119 0.06078052086803805 4
1700610645637 0.06879115051686249 0
1700610647318 0.036619448478349706 1
1700610648927 0.03853457126714257 2
1700610650567 0.06644391361222571 3
1700610652150 0.04303639978250681 4
