1700662774128 0.7286215268411114 0
1700662775752 0.8718640410035069 1
1700662777372 0.9134070677097383 2
1700662779022 0.9266253034799029 3
1700662780711 0.9255462638251956 4
1700662785050 0.9449689776099272 0
1700662786698 0.9525222551928784 1
1700662788312 0.9611545724305368 2
1700662789919 0.9614243323442137 3
1700662791556 0.9573779336390612 4
1700662796261 0.9598057728621527 0
1700662797918 0.9641219314809819 1
1700662799553 0.9643916913946587 2
1700662801181 0.9689776099271649 3
1700662802818 0.9638521715673051 4
1700662807084 0.9646614513083356 0
1700662808694 0.9722147288912868 1
1700662810305 0.9711356892365794 2
1700662811901 0.9770704073374696 3
1700662813507 0.9714054491502563 4
1700662818295 0.9662891046386192 0
1700662820552 0.9743797195253506 1
1700662822826 0.9714131607335491 2
1700662825108 0.9716828478964401 3
1700662827351 0.9743797195253506 4
