1700662774127 1.2172099626783668 0
1700662775751 0.5301873434078077 1
1700662777371 0.36208523729623393 2
1700662779021 0.3012276031398054 3
1700662780710 0.30244489866790586 4
1700662785049 0.21826446703474583 0
1700662786697 0.18009535695731255 1
1700662788311 0.15681955765467137 2
1700662789918 0.14843502240094902 3
1700662791555 0.17061998003868964 4
1700662796260 0.16272369756539962 0
1700662797917 0.14823426631006315 1
1700662799552 0.15034981480205495 2
1700662801180 0.12453304723322649 3
1700662802817 0.14562608172378405 4
1700662807083 0.14742072601401215 0
1700662808693 0.11342183626979462 1
1700662810304 0.10660238941561366 2
1700662811900 0.10204101549581913 3
1700662813506 0.113092103341779 4
1700662818294 0.1337131057055025 0
1700662820551 0.09740558466151485 1
1700662822825 0.12632948550764986 2
1700662825107 0.11133873394634254 3
1700662827350 0.09134381749378197 4
