1700609136414 0.17 50
1700609146328 0.34 100
1700609156165 0.52 150
1700609165932 0.69 200
1700609175807 0.86 250
1700609185847 1.03 300
1700609195845 1.21 350
1700609205778 1.38 400
1700609215585 1.55 450
1700609225420 1.72 500
1700609237387 1.9 550
1700609247187 2.07 600
1700609257095 2.24 650
1700609267078 2.41 700
1700609276982 2.59 750
1700609286871 2.76 800
1700609296818 2.93 850
1700609306612 3.1 900
1700609316163 3.28 950
1700609326799 3.45 1000
1700609339245 3.62 1050
1700609350866 3.79 1100
1700609361780 3.97 1150
1700609372322 4.14 1200
1700609382460 4.31 1250
1700609392656 4.48 1300
