1700609136414 5e-06 50
1700609146328 1e-05 100
1700609156165 1.5e-05 150
1700609165932 2e-05 200
1700609175807 2.5e-05 250
1700609185847 3e-05 300
1700609195845 3.5e-05 350
1700609205778 4e-05 400
1700609215585 4.5e-05 450
1700609225420 5e-05 500
1700609237387 4.8958333333333335e-05 550
1700609247187 4.791666666666667e-05 600
1700609257095 4.6875e-05 650
1700609267078 4.5833333333333334e-05 700
1700609276982 4.4791666666666673e-05 750
1700609286871 4.375e-05 800
1700609296818 4.270833333333333e-05 850
1700609306612 4.166666666666667e-05 900
1700609316163 4.0625000000000005e-05 950
1700609326799 3.958333333333333e-05 1000
1700609339245 3.854166666666667e-05 1050
1700609350866 3.7500000000000003e-05 1100
1700609361780 3.6458333333333336e-05 1150
1700609372322 3.541666666666667e-05 1200
1700609382460 3.4375e-05 1250
1700609392656 3.3333333333333335e-05 1300
