1700609136414 3.1669 50
1700609146328 1.7593 100
1700609156165 0.975 150
1700609165932 0.7289 200
1700609175807 0.4566 250
1700609185847 0.3596 300
1700609195845 0.26 350
1700609205778 0.2004 400
1700609215585 0.1409 450
1700609225420 0.1258 500
1700609237387 0.1151 550
1700609247187 0.1314 600
1700609257095 0.1014 650
1700609267078 0.0861 700
1700609276982 0.0683 750
1700609286871 0.0977 800
1700609296818 0.0344 850
1700609306612 0.0576 900
1700609316163 0.0428 950
1700609326799 0.0274 1000
1700609339245 0.0515 1050
1700609350866 0.0307 1100
1700609361780 0.0527 1150
1700609372322 0.0322 1200
1700609382460 0.022 1250
1700609392656 0.0249 1300
