1700662832896 0.7666291523210961 0
1700662835216 0.21504461278753548 1
1700662837535 0.1254123778178774 2
1700662839835 0.11369045136159221 3
1700662842166 0.08369203786574432 4
1700662847231 0.0822626040116402 0
1700662848891 0.06287726737731457 1
1700662850534 0.04409117492794958 2
1700662852152 0.042198787832729005 3
1700662853783 0.04826171735375879 4
1700662858098 0.0980145255111736 0
1700662859736 0.06336078098031757 1
1700662861387 0.04356407987531917 2
1700662863024 0.04492120882686918 3
1700662864640 0.04249388447677684 4
1700662868924 0.06500336113446072 0
1700662870527 0.07026811038115832 1
1700662872164 0.06319398534030589 2
1700662873828 0.044078415576850286 3
1700662875463 0.0438665839525317 4
1700662879743 0.08461838677035773 0
1700662881397 0.05911724971595284 1
1700662883075 0.049156365209612356 2
1700662884705 0.03089272369508198 3
1700662886331 0.03325805790744449 4
