1700662832897 0.8411114108443485 0
1700662835217 0.9511734556244942 1
1700662837536 0.9665497707040733 2
1700662839836 0.9711356892365794 3
1700662842167 0.9786889668195307 4
1700662847232 0.9830051254383598 0
1700662848892 0.9848934448340977 1
1700662850535 0.9897491232802805 2
1700662852153 0.9873212840571891 3
1700662853784 0.9878608038845428 4
1700662858099 0.976530887510116 0
1700662859737 0.9830051254383598 1
1700662861388 0.9870515241435123 2
1700662863025 0.9897491232802805 3
1700662864641 0.9894793633666037 4
1700662868925 0.9848934448340977 0
1700662870528 0.982735365524683 1
1700662872164 0.9832748853520367 2
1700662873829 0.9867817642298354 3
1700662875464 0.990558403021311 4
1700662879744 0.9797734627831716 0
1700662881398 0.9848975188781014 1
1700662883076 0.9867853290183387 2
1700662884706 0.9905609492988133 3
1700662886332 0.9905609492988133 4
